[
    "EWN_det",
    "[\"R12942049\", \"AI-easy\", 0, 10, \"2024-11-20,22:06:14\", \"2024-11-20,22:06:35\"]",
    "[[\"R12942049\", \"AI-easy\"], [1, 1], [1, 1], [1, 1], [1, 1], [1, 1], [1, 1], [1, 1], [1, 1], [1, 1], [1, 1]]",
    "[[], [[[[7, 1, 0, 10, 2, 5], [-1, 23, 18, 14, 22, 19]], 5, [14.93, 30.0]], [[[7, 1, 0, 10, 2, 6], [-1, 23, 18, 14, 22, 19]], 1, [14.81, 30.0]], [[[7, 1, 0, 10, 2, 6], [-1, 18, -1, 14, 22, 19]], 5, [14.81, 30.0]], [[[-1, 1, 0, 10, 2, 7], [-1, 18, -1, 14, 22, 19]], 5, [14.74, 30.0]], [[[-1, 1, 0, 10, 2, 7], [-1, -1, -1, 14, 22, 18]], 2, [14.74, 30.0]], [[[-1, 1, 5, 10, 2, 7], [-1, -1, -1, 14, 22, 18]], 3, [14.7, 30.0]], [[[-1, 1, 5, 10, 2, 7], [-1, -1, -1, 8, 22, 18]], 3, [14.7, 30.0]], [[[-1, 1, 5, 15, 2, 7], [-1, -1, -1, 8, 22, 18]], 1, [14.67, 30.0]], [[[-1, 1, 5, 15, -1, 7], [-1, -1, -1, 2, 22, 18]], 2, [14.67, 30.0]], [[[-1, 1, 10, 15, -1, 7], [-1, -1, -1, 2, 22, 18]], 3, [14.64, 30.0]], [[[-1, -1, 10, 15, -1, 7], [-1, -1, -1, 1, 22, 18]], 3, [14.64, 30.0]], [[[-1, -1, 10, 16, -1, 7], [-1, -1, -1, 1, 22, 18]], 1, [14.6, 30.0]], [[[-1, -1, 10, 16, -1, 7], [-1, -1, -1, 0, 22, 18]], 0, [14.6, 30.0]]]]",
    "[[[[2, 1, 0, 5, 6, 10], [22, 23, 24, 19, 18, 14]], [\"R12942049\", \"AI-easy\"], 0, 30.0], [[[[2, 1, 0, 5, 6, 10], [22, 23, 24, 19, 18, 14]], 1, [29.89, 30.0]], [[[2, 1, 0, 5, 6, 10], [-1, 22, 24, 19, 18, 14]], 0, [29.85, 30.0]], [[[3, 1, 0, 5, 6, 10], [-1, 22, 24, 19, 18, 14]], 0, [29.73, 30.0]], [[[3, 1, 0, 5, 6, 10], [-1, 16, 24, 19, 18, 14]], 5, [29.73, 30.0]], [[[3, 1, 0, 5, 6, 15], [-1, 16, 24, 19, 18, 14]], 1, [29.68, 30.0]], [[[3, 1, 0, 5, 6, 15], [-1, 10, 24, 19, 18, 14]], 2, [29.67, 30.0]], [[[3, 1, 5, -1, 6, 15], [-1, 10, 24, 19, 18, 14]], 0, [29.64, 30.0]], [[[3, 1, -1, -1, 6, 15], [-1, 5, 24, 19, 18, 14]], 0, [29.63, 30.0]], [[[4, 1, -1, -1, 6, 15], [-1, 5, 24, 19, 18, 14]], 1, [29.61, 30.0]], [[[4, 1, -1, -1, 6, 15], [-1, 0, 24, 19, 18, 14]], 0, [29.61, 30.0]]]]",
    "[[[[2, 10, 1, 6, 5, 0], [22, 14, 23, 18, 19, 24]], [\"R12942049\", \"AI-easy\"], 1, 30.0], [[[[2, 10, 1, 6, 5, 0], [22, 14, 23, 18, 19, 24]], 3, [30.0, 30.0]], [[[2, 10, 1, 7, 5, 0], [22, 14, 23, 18, 19, 24]], 2, [29.88, 30.0]], [[[2, 10, 1, 7, 5, 0], [-1, 14, 22, 18, 19, 24]], 0, [29.88, 30.0]], [[[3, 10, 1, 7, 5, 0], [-1, 14, 22, 18, 19, 24]], 2, [29.75, 30.0]], [[[3, 10, 1, 7, 5, 0], [-1, 14, 16, 18, 19, 24]], 1, [29.75, 30.0]], [[[3, 15, 1, 7, 5, 0], [-1, 14, 16, 18, 19, 24]], 0, [29.63, 30.0]], [[[3, 15, 1, 7, 5, 0], [-1, 8, 16, 18, 19, 24]], 0, [29.63, 30.0]], [[[8, 15, 1, 7, 5, 0], [-1, -1, 16, 18, 19, 24]], 2, [29.59, 30.0]], [[[8, 15, 1, 7, 5, 0], [-1, -1, 10, 18, 19, 24]], 5, [29.58, 30.0]], [[[8, 15, -1, 7, 5, 1], [-1, -1, 10, 18, 19, 24]], 2, [29.56, 30.0]], [[[8, 15, -1, 7, -1, 1], [-1, -1, 5, 18, 19, 24]], 5, [29.55, 30.0]], [[[8, 15, -1, 7, -1, 2], [-1, -1, 5, 18, 19, 24]], 1, [29.52, 30.0]], [[[8, 15, -1, 7, -1, 2], [-1, -1, 0, 18, 19, 24]], 0, [29.52, 30.0]]]]",
    "[[[[1, 0, 10, 5, 2, 6], [23, 24, 14, 19, 22, 18]], [\"R12942049\", \"AI-easy\"], 0, 30.0], [[[[1, 0, 10, 5, 2, 6], [23, 24, 14, 19, 22, 18]], 1, [29.9, 30.0]], [[[1, 0, 10, 5, 2, 6], [23, 18, 14, 19, 22, -1]], 5, [29.85, 30.0]], [[[1, 0, 10, 5, 2, 7], [23, 18, 14, 19, 22, -1]], 0, [29.76, 30.0]], [[[1, 0, 10, 5, 2, 7], [22, 18, 14, 19, -1, -1]], 0, [29.76, 30.0]], [[[6, 0, 10, 5, 2, 7], [22, 18, 14, 19, -1, -1]], 0, [29.64, 30.0]], [[[6, 0, 10, 5, 2, 7], [16, 18, 14, 19, -1, -1]], 0, [29.64, 30.0]], [[[7, 0, 10, 5, 2, -1], [16, 18, 14, 19, -1, -1]], 4, [29.59, 30.0]], [[[7, 0, 10, 5, 2, -1], [16, 18, -1, 14, -1, -1]], 2, [29.59, 30.0]], [[[7, 0, 11, 5, 2, -1], [16, 18, -1, 14, -1, -1]], 0, [29.5, 30.0]], [[[7, 0, 11, 5, 2, -1], [10, 18, -1, 14, -1, -1]], 3, [29.5, 30.0]], [[[7, 0, 11, 6, 2, -1], [10, 18, -1, 14, -1, -1]], 0, [29.46, 30.0]], [[[7, 0, 11, 6, 2, -1], [5, 18, -1, 14, -1, -1]], 0, [29.46, 30.0]], [[[12, 0, 11, 6, 2, -1], [5, 18, -1, 14, -1, -1]], 0, [29.43, 30.0]], [[[12, -1, 11, 6, 2, -1], [0, 18, -1, 14, -1, -1]], 0, [29.43, 30.0]]]]",
    "[[[[2, 0, 1, 10, 5, 6], [22, 24, 23, 14, 19, 18]], [\"R12942049\", \"AI-easy\"], 1, 30.0], [[[[2, 0, 1, 10, 5, 6], [22, 24, 23, 14, 19, 18]], 5, [30.0, 30.0]], [[[2, 0, 1, 10, 5, 11], [22, 24, 23, 14, 19, 18]], 0, [29.86, 30.0]], [[[2, 0, 1, 10, 5, 11], [16, 24, 23, 14, 19, 18]], 0, [29.86, 30.0]], [[[3, 0, 1, 10, 5, 11], [16, 24, 23, 14, 19, 18]], 4, [29.8, 30.0]], [[[3, 0, 1, 10, 5, 11], [16, 24, 23, 14, 18, -1]], 2, [29.8, 30.0]], [[[3, 0, 2, 10, 5, 11], [16, 24, 23, 14, 18, -1]], 0, [29.75, 30.0]], [[[3, 0, 2, -1, 5, 11], [10, 24, 23, 14, 18, -1]], 0, [29.74, 30.0]], [[[4, 0, 2, -1, 5, 11], [10, 24, 23, 14, 18, -1]], 0, [29.72, 30.0]], [[[4, 0, 2, -1, -1, 11], [5, 24, 23, 14, 18, -1]], 0, [29.71, 30.0]], [[[9, 0, 2, -1, -1, 11], [5, 24, 23, 14, 18, -1]], 0, [29.7, 30.0]], [[[9, -1, 2, -1, -1, 11], [0, 24, 23, 14, 18, -1]], 0, [29.7, 30.0]]]]",
    "[[[[10, 2, 1, 5, 6, 0], [14, 22, 23, 19, 18, 24]], [\"R12942049\", \"AI-easy\"], 0, 30.0], [[[[10, 2, 1, 5, 6, 0], [14, 22, 23, 19, 18, 24]], 2, [29.91, 30.0]], [[[10, 2, 1, 5, 6, 0], [14, -1, 22, 19, 18, 24]], 4, [29.88, 30.0]], [[[10, 2, 1, 5, 7, 0], [14, -1, 22, 19, 18, 24]], 3, [29.77, 30.0]], [[[10, 2, 1, 5, 7, 0], [-1, -1, 22, 14, 18, 24]], 0, [29.76, 30.0]], [[[15, 2, 1, 5, 7, 0], [-1, -1, 22, 14, 18, 24]], 1, [29.67, 30.0]], [[[15, 2, 1, 5, 7, 0], [-1, -1, 16, 14, 18, 24]], 3, [29.67, 30.0]], [[[15, 2, 1, 11, 7, 0], [-1, -1, 16, 14, 18, 24]], 0, [29.62, 30.0]], [[[15, 2, 1, 11, 7, 0], [-1, -1, 10, 14, 18, 24]], 5, [29.62, 30.0]], [[[15, 2, 1, 11, 7, 6], [-1, -1, 10, 14, 18, 24]], 1, [29.57, 30.0]], [[[15, 2, 1, 11, 7, 6], [-1, -1, 5, 14, 18, 24]], 1, [29.57, 30.0]], [[[15, 3, 1, 11, 7, 6], [-1, -1, 5, 14, 18, 24]], 1, [29.55, 30.0]], [[[15, 3, 1, 11, 7, 6], [-1, -1, 0, 14, 18, 24]], 0, [29.55, 30.0]]]]",
    "[[[[6, 0, 5, 2, 1, 10], [18, 24, 19, 22, 23, 14]], [\"R12942049\", \"AI-easy\"], 1, 30.0], [[[[6, 0, 5, 2, 1, 10], [18, 24, 19, 22, 23, 14]], 0, [30.0, 30.0]], [[[7, 0, 5, 2, 1, 10], [18, 24, 19, 22, 23, 14]], 1, [29.87, 30.0]], [[[7, 0, 5, 2, 1, 10], [-1, 18, 19, 22, 23, 14]], 5, [29.87, 30.0]], [[[7, 0, 5, 2, 1, 15], [-1, 18, 19, 22, 23, 14]], 2, [29.75, 30.0]], [[[7, 0, 5, 2, 1, 15], [-1, -1, 18, 22, 23, 14]], 2, [29.75, 30.0]], [[[7, 0, 10, 2, 1, 15], [-1, -1, 18, 22, 23, 14]], 4, [29.64, 30.0]], [[[7, 0, 10, 2, 1, 15], [-1, -1, -1, 22, 18, 14]], 5, [29.64, 30.0]], [[[7, 0, 10, 2, 1, 20], [-1, -1, -1, 22, 18, 14]], 3, [29.54, 30.0]], [[[7, 0, 10, 2, 1, 20], [-1, -1, -1, 16, 18, 14]], 1, [29.54, 30.0]], [[[7, 1, 10, 2, -1, 20], [-1, -1, -1, 16, 18, 14]], 0, [29.5, 30.0]], [[[7, 1, -1, 2, -1, 20], [-1, -1, -1, 10, 18, 14]], 3, [29.5, 30.0]], [[[7, 1, -1, 3, -1, 20], [-1, -1, -1, 10, 18, 14]], 3, [29.48, 30.0]], [[[7, 1, -1, 3, -1, 20], [-1, -1, -1, 5, 18, 14]], 1, [29.48, 30.0]], [[[7, 2, -1, 3, -1, 20], [-1, -1, -1, 5, 18, 14]], 1, [29.46, 30.0]], [[[7, 2, -1, 3, -1, 20], [-1, -1, -1, 0, 18, 14]], 0, [29.46, 30.0]]]]",
    "[[[[0, 2, 1, 5, 10, 6], [24, 22, 23, 19, 14, 18]], [\"R12942049\", \"AI-easy\"], 0, 30.0], [[[[0, 2, 1, 5, 10, 6], [24, 22, 23, 19, 14, 18]], 0, [29.95, 30.0]], [[[0, 2, 1, 5, 10, 6], [19, 22, 23, -1, 14, 18]], 5, [29.85, 30.0]], [[[0, 2, 1, 5, 10, 7], [19, 22, 23, -1, 14, 18]], 2, [29.73, 30.0]], [[[0, 2, 1, 5, 10, 7], [19, 22, 18, -1, 14, -1]], 1, [29.73, 30.0]], [[[0, 3, 1, 5, 10, 7], [19, 22, 18, -1, 14, -1]], 0, [29.6, 30.0]], [[[0, 3, 1, 5, 10, 7], [14, 22, 18, -1, -1, -1]], 2, [29.6, 30.0]], [[[0, 3, 6, 5, 10, 7], [14, 22, 18, -1, -1, -1]], 2, [29.5, 30.0]], [[[0, 3, 6, 5, 10, 7], [14, 22, 12, -1, -1, -1]], 0, [29.49, 30.0]], [[[1, 3, 6, 5, 10, 7], [14, 22, 12, -1, -1, -1]], 0, [29.4, 30.0]], [[[1, 3, 6, 5, 10, 7], [8, 22, 12, -1, -1, -1]], 0, [29.4, 30.0]], [[[2, 3, 6, 5, 10, 7], [8, 22, 12, -1, -1, -1]], 0, [29.35, 30.0]], [[[-1, 3, 6, 5, 10, 7], [2, 22, 12, -1, -1, -1]], 4, [29.35, 30.0]], [[[-1, 3, 6, 5, 16, 7], [2, 22, 12, -1, -1, -1]], 0, [29.31, 30.0]], [[[-1, 3, 6, 5, 16, 7], [1, 22, 12, -1, -1, -1]], 3, [29.3, 30.0]], [[[-1, 3, 6, 10, 16, 7], [1, 22, 12, -1, -1, -1]], 0, [29.28, 30.0]], [[[-1, 3, 6, 10, 16, 7], [0, 22, 12, -1, -1, -1]], 0, [29.28, 30.0]]]]",
    "[[[[10, 1, 0, 2, 6, 5], [14, 23, 24, 22, 18, 19]], [\"R12942049\", \"AI-easy\"], 1, 30.0], [[[[10, 1, 0, 2, 6, 5], [14, 23, 24, 22, 18, 19]], 0, [30.0, 30.0]], [[[11, 1, 0, 2, 6, 5], [14, 23, 24, 22, 18, 19]], 0, [29.89, 30.0]], [[[11, 1, 0, 2, 6, 5], [8, 23, 24, 22, 18, 19]], 3, [29.88, 30.0]], [[[11, 1, 0, 3, 6, 5], [8, 23, 24, 22, 18, 19]], 0, [29.83, 30.0]], [[[11, 1, 0, 3, 6, 5], [2, 23, 24, 22, 18, 19]], 4, [29.82, 30.0]], [[[11, 1, 0, 3, 7, 5], [2, 23, 24, 22, 18, 19]], 0, [29.8, 30.0]], [[[11, -1, 0, 3, 7, 5], [1, 23, 24, 22, 18, 19]], 5, [29.8, 30.0]], [[[11, -1, 0, 3, 7, 10], [1, 23, 24, 22, 18, 19]], 0, [29.76, 30.0]], [[[11, -1, -1, 3, 7, 10], [0, 23, 24, 22, 18, 19]], 0, [29.76, 30.0]]]]"
]