[
    "EWN_det",
    "[\"R12942049\", \"AI-easy\", 0, 10, \"2024-11-20,22:55:31\", \"2024-11-20,22:55:50\"]",
    "[[\"R12942049\", \"AI-easy\"], [1, 1], [1, 1], [1, 1], [1, 1], [1, 1], [1, 1], [1, 1], [1, 1], [1, 1], [1, 1]]",
    "[[], [[[[10, 5, 1, 2, 0, 7], [8, 19, 23, 22, 24, 18]], 0, [19.61, 30.0]], [[[11, 5, 1, 2, 0, 7], [8, 19, 23, 22, 24, 18]], 0, [19.58, 30.0]], [[[11, 5, 1, -1, 0, 7], [2, 19, 23, 22, 24, 18]], 0, [19.58, 30.0]], [[[12, 5, 1, -1, 0, 7], [2, 19, 23, 22, 24, 18]], 0, [19.52, 30.0]], [[[12, 5, -1, -1, 0, 7], [1, 19, 23, 22, 24, 18]], 5, [19.52, 30.0]], [[[12, 5, -1, -1, 0, 8], [1, 19, 23, 22, 24, 18]], 1, [19.49, 30.0]], [[[12, 5, -1, -1, 0, 8], [1, 18, 23, 22, 24, -1]], 1, [19.49, 30.0]], [[[12, 6, -1, -1, 0, 8], [1, 18, 23, 22, 24, -1]], 1, [19.45, 30.0]], [[[12, 6, -1, -1, 0, 8], [1, 17, 23, 22, 24, -1]], 0, [19.45, 30.0]], [[[13, 6, -1, -1, 0, 8], [1, 17, 23, 22, 24, -1]], 1, [19.41, 30.0]], [[[13, 6, -1, -1, 0, 8], [1, 11, 23, 22, 24, -1]], 1, [19.4, 30.0]], [[[13, 7, -1, -1, 0, 8], [1, 11, 23, 22, 24, -1]], 1, [19.38, 30.0]], [[[13, 7, -1, -1, 0, 8], [1, 5, 23, 22, 24, -1]], 5, [19.38, 30.0]], [[[13, 7, -1, -1, 0, 9], [1, 5, 23, 22, 24, -1]], 2, [19.36, 30.0]], [[[13, 7, -1, -1, 0, 9], [1, 5, 17, 22, 24, -1]], 4, [19.36, 30.0]], [[[13, 7, -1, -1, 1, 9], [-1, 5, 17, 22, 24, -1]], 2, [19.34, 30.0]], [[[13, 7, -1, -1, 1, 9], [-1, 5, 11, 22, 24, -1]], 5, [19.33, 30.0]], [[[13, 7, -1, -1, 1, 14], [-1, 5, 11, 22, 24, -1]], 2, [19.32, 30.0]], [[[13, 7, -1, -1, 1, 14], [-1, -1, 5, 22, 24, -1]], 2, [19.31, 30.0]], [[[13, 8, -1, -1, 1, 14], [-1, -1, 5, 22, 24, -1]], 3, [19.27, 30.0]], [[[13, 8, -1, -1, 1, 14], [-1, -1, 5, 16, 24, -1]], 4, [19.27, 30.0]], [[[13, 8, -1, -1, 2, 14], [-1, -1, 5, 16, 24, -1]], 3, [19.25, 30.0]], [[[13, 8, -1, -1, 2, 14], [-1, -1, 5, 10, 24, -1]], 3, [19.25, 30.0]], [[[13, 9, -1, -1, 2, 14], [-1, -1, 5, 10, 24, -1]], 3, [19.23, 30.0]], [[[13, 9, -1, -1, 2, 14], [-1, -1, -1, 5, 24, -1]], 4, [19.23, 30.0]], [[[13, 9, -1, -1, 3, 14], [-1, -1, -1, 5, 24, -1]], 4, [19.22, 30.0]], [[[13, 9, -1, -1, 3, 14], [-1, -1, -1, 5, 19, -1]], 5, [19.21, 30.0]], [[[13, 9, -1, -1, 3, 19], [-1, -1, -1, 5, -1, -1]], 0, [19.2, 30.0]], [[[13, 9, -1, -1, 3, 19], [-1, -1, -1, 0, -1, -1]], 0, [19.2, 30.0]]]]",
    "[[[[6, 1, 10, 2, 0, 5], [18, 23, 14, 22, 24, 19]], [\"R12942049\", \"AI-easy\"], 0, 30.0], [[[[6, 1, 10, 2, 0, 5], [18, 23, 14, 22, 24, 19]], 0, [29.91, 30.0]], [[[6, 1, 10, 2, 0, 5], [12, 23, 14, 22, 24, 19]], 0, [29.82, 30.0]], [[[7, 1, 10, 2, 0, 5], [12, 23, 14, 22, 24, 19]], 0, [29.79, 30.0]], [[[7, 1, 10, 2, 0, 5], [6, 23, 14, 22, 24, 19]], 2, [29.78, 30.0]], [[[7, 1, 11, 2, 0, 5], [6, 23, 14, 22, 24, 19]], 0, [29.73, 30.0]], [[[7, 1, 11, 2, -1, 5], [0, 23, 14, 22, 24, 19]], 0, [29.73, 30.0]]]]",
    "[[[[6, 5, 10, 0, 1, 2], [18, 19, 14, 24, 23, 22]], [\"R12942049\", \"AI-easy\"], 1, 30.0], [[[[6, 5, 10, 0, 1, 2], [18, 19, 14, 24, 23, 22]], 0, [30.0, 30.0]], [[[7, 5, 10, 0, 1, 2], [18, 19, 14, 24, 23, 22]], 0, [29.97, 30.0]], [[[7, 5, 10, 0, 1, 2], [12, 19, 14, 24, 23, 22]], 0, [29.96, 30.0]], [[[8, 5, 10, 0, 1, 2], [12, 19, 14, 24, 23, 22]], 0, [29.93, 30.0]], [[[8, 5, 10, 0, 1, 2], [6, 19, 14, 24, 23, 22]], 5, [29.92, 30.0]], [[[8, 5, 10, 0, 1, 3], [6, 19, 14, 24, 23, 22]], 0, [29.88, 30.0]], [[[8, 5, 10, -1, 1, 3], [0, 19, 14, 24, 23, 22]], 0, [29.88, 30.0]]]]",
    "[[[[2, 5, 10, 1, 6, 0], [22, 19, 14, 23, 18, 24]], [\"R12942049\", \"AI-easy\"], 0, 30.0], [[[[2, 5, 10, 1, 6, 0], [22, 19, 14, 23, 18, 24]], 0, [29.93, 30.0]], [[[2, 5, 10, 1, 6, 0], [16, 19, 14, 23, 18, 24]], 4, [29.88, 30.0]], [[[2, 5, 10, 1, 7, 0], [16, 19, 14, 23, 18, 24]], 0, [29.78, 30.0]], [[[2, 5, -1, 1, 7, 0], [10, 19, 14, 23, 18, 24]], 0, [29.77, 30.0]], [[[3, 5, -1, 1, 7, 0], [10, 19, 14, 23, 18, 24]], 0, [29.73, 30.0]], [[[3, -1, -1, 1, 7, 0], [5, 19, 14, 23, 18, 24]], 4, [29.73, 30.0]], [[[3, -1, -1, 1, 8, 0], [5, 19, 14, 23, 18, 24]], 1, [29.69, 30.0]], [[[3, -1, -1, 1, 8, 0], [5, 14, -1, 23, 18, 24]], 4, [29.69, 30.0]], [[[3, -1, -1, 1, 9, 0], [5, 14, -1, 23, 18, 24]], 1, [29.67, 30.0]], [[[3, -1, -1, 1, 9, 0], [5, 8, -1, 23, 18, 24]], 0, [29.66, 30.0]], [[[4, -1, -1, 1, 9, 0], [5, 8, -1, 23, 18, 24]], 1, [29.63, 30.0]], [[[4, -1, -1, 1, 9, 0], [5, 2, -1, 23, 18, 24]], 3, [29.63, 30.0]], [[[4, -1, -1, 2, 9, 0], [5, -1, -1, 23, 18, 24]], 1, [29.59, 30.0]], [[[4, -1, -1, 2, 9, -1], [0, -1, -1, 23, 18, 24]], 0, [29.59, 30.0]]]]",
    "[[[[0, 5, 10, 2, 6, 1], [24, 19, 14, 22, 18, 23]], [\"R12942049\", \"AI-easy\"], 1, 30.0], [[[[0, 5, 10, 2, 6, 1], [24, 19, 14, 22, 18, 23]], 4, [30.0, 30.0]], [[[0, 5, 10, 2, 7, 1], [24, 19, 14, 22, 18, 23]], 0, [29.96, 30.0]], [[[0, 5, 10, 2, 7, 1], [23, 19, 14, 22, 18, -1]], 1, [29.96, 30.0]], [[[0, 6, 10, 2, 7, 1], [23, 19, 14, 22, 18, -1]], 0, [29.91, 30.0]], [[[0, 6, 10, 2, 7, 1], [18, 19, 14, 22, -1, -1]], 1, [29.91, 30.0]], [[[0, 7, 10, 2, -1, 1], [18, 19, 14, 22, -1, -1]], 0, [29.87, 30.0]], [[[0, 7, 10, 2, -1, 1], [12, 19, 14, 22, -1, -1]], 2, [29.87, 30.0]], [[[0, 7, 11, 2, -1, 1], [12, 19, 14, 22, -1, -1]], 0, [29.84, 30.0]], [[[0, 7, 11, 2, -1, 1], [6, 19, 14, 22, -1, -1]], 1, [29.83, 30.0]], [[[0, 8, 11, 2, -1, 1], [6, 19, 14, 22, -1, -1]], 0, [29.81, 30.0]], [[[-1, 8, 11, 2, -1, 1], [0, 19, 14, 22, -1, -1]], 0, [29.81, 30.0]]]]",
    "[[[[5, 10, 0, 1, 2, 6], [19, 14, 24, 23, 22, 18]], [\"R12942049\", \"AI-easy\"], 0, 30.0], [[[[5, 10, 0, 1, 2, 6], [19, 14, 24, 23, 22, 18]], 0, [29.92, 30.0]], [[[5, 10, 0, 1, 2, 6], [18, 14, 24, 23, 22, -1]], 5, [29.89, 30.0]], [[[5, 10, 0, 1, 2, 7], [18, 14, 24, 23, 22, -1]], 0, [29.8, 30.0]], [[[5, 10, 0, 1, 2, 7], [12, 14, 24, 23, 22, -1]], 0, [29.8, 30.0]], [[[6, 10, 0, 1, 2, 7], [12, 14, 24, 23, 22, -1]], 0, [29.72, 30.0]], [[[-1, 10, 0, 1, 2, 7], [6, 14, 24, 23, 22, -1]], 5, [29.72, 30.0]], [[[-1, 10, 0, 1, 2, 8], [6, 14, 24, 23, 22, -1]], 0, [29.67, 30.0]], [[[-1, 10, -1, 1, 2, 8], [0, 14, 24, 23, 22, -1]], 0, [29.67, 30.0]]]]",
    "[[[[2, 0, 6, 5, 1, 10], [22, 24, 18, 19, 23, 14]], [\"R12942049\", \"AI-easy\"], 1, 30.0], [[[[2, 0, 6, 5, 1, 10], [22, 24, 18, 19, 23, 14]], 2, [30.0, 30.0]], [[[2, 0, 7, 5, 1, 10], [22, 24, 18, 19, 23, 14]], 0, [29.96, 30.0]], [[[2, 0, 7, 5, 1, 10], [16, 24, 18, 19, 23, 14]], 5, [29.96, 30.0]], [[[2, 0, 7, 5, 1, 11], [16, 24, 18, 19, 23, 14]], 0, [29.87, 30.0]], [[[2, 0, 7, 5, 1, 11], [10, 24, 18, 19, 23, 14]], 0, [29.87, 30.0]], [[[3, 0, 7, 5, 1, 11], [10, 24, 18, 19, 23, 14]], 0, [29.83, 30.0]], [[[3, 0, 7, -1, 1, 11], [5, 24, 18, 19, 23, 14]], 0, [29.83, 30.0]], [[[4, 0, 7, -1, 1, 11], [5, 24, 18, 19, 23, 14]], 1, [29.79, 30.0]], [[[4, 0, 7, -1, 1, 11], [5, 18, -1, 19, 23, 14]], 0, [29.79, 30.0]], [[[9, 0, 7, -1, 1, 11], [5, 18, -1, 19, 23, 14]], 1, [29.78, 30.0]], [[[9, 0, 7, -1, 1, 11], [5, 12, -1, 19, 23, 14]], 5, [29.76, 30.0]], [[[9, 0, 7, -1, 1, 12], [5, -1, -1, 19, 23, 14]], 1, [29.72, 30.0]], [[[9, -1, 7, -1, 1, 12], [0, -1, -1, 19, 23, 14]], 0, [29.72, 30.0]]]]",
    "[[[[1, 6, 2, 5, 10, 0], [23, 18, 22, 19, 14, 24]], [\"R12942049\", \"AI-easy\"], 0, 30.0], [[[[1, 6, 2, 5, 10, 0], [23, 18, 22, 19, 14, 24]], 0, [29.9, 30.0]], [[[1, 6, 2, 5, 10, 0], [18, -1, 22, 19, 14, 24]], 4, [29.84, 30.0]], [[[1, 6, 2, 5, 11, 0], [18, -1, 22, 19, 14, 24]], 0, [29.74, 30.0]], [[[1, 6, 2, 5, 11, 0], [12, -1, 22, 19, 14, 24]], 1, [29.74, 30.0]], [[[1, 7, 2, 5, 11, 0], [12, -1, 22, 19, 14, 24]], 0, [29.67, 30.0]], [[[1, 7, 2, 5, 11, 0], [6, -1, 22, 19, 14, 24]], 2, [29.66, 30.0]], [[[1, 7, 3, 5, 11, 0], [6, -1, 22, 19, 14, 24]], 0, [29.63, 30.0]], [[[1, 7, 3, 5, 11, -1], [0, -1, 22, 19, 14, 24]], 0, [29.63, 30.0]]]]",
    "[[[[2, 5, 1, 10, 6, 0], [22, 19, 23, 14, 18, 24]], [\"R12942049\", \"AI-easy\"], 1, 30.0], [[[[2, 5, 1, 10, 6, 0], [22, 19, 23, 14, 18, 24]], 4, [30.0, 30.0]], [[[2, 5, 1, 10, 7, 0], [22, 19, 23, 14, 18, 24]], 0, [29.96, 30.0]], [[[2, 5, 1, 10, 7, 0], [16, 19, 23, 14, 18, 24]], 3, [29.96, 30.0]], [[[2, 5, 1, 11, 7, 0], [16, 19, 23, 14, 18, 24]], 0, [29.87, 30.0]], [[[2, 5, 1, 11, 7, 0], [10, 19, 23, 14, 18, 24]], 0, [29.87, 30.0]], [[[3, 5, 1, 11, 7, 0], [10, 19, 23, 14, 18, 24]], 0, [29.81, 30.0]], [[[3, -1, 1, 11, 7, 0], [5, 19, 23, 14, 18, 24]], 4, [29.8, 30.0]], [[[3, -1, 1, 11, 8, 0], [5, 19, 23, 14, 18, 24]], 1, [29.77, 30.0]], [[[3, -1, 1, 11, 8, 0], [5, 18, 23, 14, -1, 24]], 2, [29.75, 30.0]], [[[3, -1, 2, 11, 8, 0], [5, 18, 23, 14, -1, 24]], 1, [29.71, 30.0]], [[[3, -1, 2, 11, 8, 0], [5, 12, 23, 14, -1, 24]], 0, [29.67, 30.0]], [[[4, -1, 2, 11, 8, 0], [5, 12, 23, 14, -1, 24]], 1, [29.63, 30.0]], [[[4, -1, 2, 11, 8, 0], [5, 6, 23, 14, -1, 24]], 5, [29.63, 30.0]], [[[4, -1, 2, 11, 8, 1], [5, 6, 23, 14, -1, 24]], 1, [29.61, 30.0]], [[[4, -1, 2, 11, 8, 1], [5, 0, 23, 14, -1, 24]], 0, [29.61, 30.0]]]]"
]