[
    "EWN_det",
    "[\"R12942049\", \"AI-easy\", 0, 6, \"2024-11-20,22:23:30\", \"2024-11-20,22:23:45\"]",
    "[[\"R12942049\", \"AI-easy\"], [1, 1], [1, 1], [1, 1], [1, 1], [1, 1], [1, 1]]",
    "[[[[2, 0, 10, 5, 6, 1], [22, 24, 14, 19, 18, 23]], [\"R12942049\", \"AI-easy\"], 0, 30.0], [[[[2, 0, 10, 5, 6, 1], [22, 24, 14, 19, 18, 23]], 0, [29.82, 30.0]], [[[2, 0, 10, 5, 6, 1], [16, 24, 14, 19, 18, 23]], 0, [29.75, 30.0]], [[[3, 0, 10, 5, 6, 1], [16, 24, 14, 19, 18, 23]], 1, [29.68, 30.0]], [[[3, 0, 10, 5, 6, 1], [16, 23, 14, 19, 18, -1]], 2, [29.68, 30.0]], [[[3, 0, 11, 5, 6, 1], [16, 23, 14, 19, 18, -1]], 3, [29.59, 30.0]], [[[3, 0, 11, 5, 6, 1], [16, 23, 14, 18, -1, -1]], 5, [29.59, 30.0]], [[[3, 0, 11, 5, 6, 2], [16, 23, 14, 18, -1, -1]], 0, [29.5, 30.0]], [[[3, 0, 11, 5, 6, 2], [10, 23, 14, 18, -1, -1]], 0, [29.49, 30.0]], [[[4, 0, 11, 5, 6, 2], [10, 23, 14, 18, -1, -1]], 0, [29.46, 30.0]], [[[4, 0, 11, -1, 6, 2], [5, 23, 14, 18, -1, -1]], 5, [29.46, 30.0]], [[[4, 0, 11, -1, 6, 7], [5, 23, 14, 18, -1, -1]], 0, [29.43, 30.0]], [[[4, -1, 11, -1, 6, 7], [0, 23, 14, 18, -1, -1]], 0, [29.43, 30.0]]]]",
    "[[[[2, 5, 6, 1, 0, 10], [22, 19, 18, 23, 24, 14]], [\"R12942049\", \"AI-easy\"], 1, 30.0], [[[[2, 5, 6, 1, 0, 10], [22, 19, 18, 23, 24, 14]], 5, [30.0, 30.0]], [[[2, 5, 6, 1, 0, 15], [22, 19, 18, 23, 24, 14]], 3, [29.78, 30.0]], [[[2, 5, 6, 1, 0, 15], [-1, 19, 18, 22, 24, 14]], 0, [29.77, 30.0]], [[[3, 5, 6, 1, 0, 15], [-1, 19, 18, 22, 24, 14]], 4, [29.55, 30.0]], [[[3, 5, 6, 1, 0, 15], [-1, -1, 18, 22, 19, 14]], 2, [29.55, 30.0]], [[[3, 5, 11, 1, 0, 15], [-1, -1, 18, 22, 19, 14]], 1, [29.33, 30.0]], [[[3, 5, 11, 1, 0, 15], [-1, -1, 12, 22, 19, 14]], 3, [29.32, 30.0]], [[[3, 5, 11, 2, 0, 15], [-1, -1, 12, 22, 19, 14]], 0, [29.24, 30.0]], [[[3, 5, 11, 2, 0, 15], [-1, -1, 6, 22, 19, 14]], 5, [29.23, 30.0]], [[[3, 5, 11, 2, 0, 20], [-1, -1, 6, 22, 19, 14]], 0, [29.2, 30.0]], [[[3, 5, 11, 2, -1, 20], [-1, -1, 0, 22, 19, 14]], 0, [29.2, 30.0]]]]",
    "[[[[2, 0, 6, 10, 1, 5], [22, 24, 18, 14, 23, 19]], [\"R12942049\", \"AI-easy\"], 0, 30.0], [[[[2, 0, 6, 10, 1, 5], [22, 24, 18, 14, 23, 19]], 0, [29.85, 30.0]], [[[2, 0, 6, 10, 1, 5], [17, 24, 18, 14, 23, 19]], 0, [29.82, 30.0]], [[[3, 0, 6, 10, 1, 5], [17, 24, 18, 14, 23, 19]], 0, [29.66, 30.0]], [[[3, 0, 6, 10, 1, 5], [11, 24, 18, 14, 23, 19]], 2, [29.65, 30.0]], [[[3, 0, 7, 10, 1, 5], [11, 24, 18, 14, 23, 19]], 0, [29.58, 30.0]], [[[3, 0, 7, 10, 1, -1], [5, 24, 18, 14, 23, 19]], 0, [29.58, 30.0]], [[[8, 0, 7, 10, 1, -1], [5, 24, 18, 14, 23, 19]], 0, [29.55, 30.0]], [[[8, -1, 7, 10, 1, -1], [0, 24, 18, 14, 23, 19]], 0, [29.55, 30.0]]]]",
    "[[[[2, 0, 6, 10, 5, 1], [22, 24, 18, 14, 19, 23]], [\"R12942049\", \"AI-easy\"], 1, 30.0], [[[[2, 0, 6, 10, 5, 1], [22, 24, 18, 14, 19, 23]], 0, [30.0, 30.0]], [[[3, 0, 6, 10, 5, 1], [22, 24, 18, 14, 19, 23]], 1, [29.77, 30.0]], [[[3, 0, 6, 10, 5, 1], [22, 18, -1, 14, 19, 23]], 2, [29.76, 30.0]], [[[3, 0, 7, 10, 5, 1], [22, 18, -1, 14, 19, 23]], 5, [29.57, 30.0]], [[[3, 0, 7, 10, 5, 1], [-1, 18, -1, 14, 19, 22]], 5, [29.56, 30.0]], [[[3, 0, 7, 10, 5, 2], [-1, 18, -1, 14, 19, 22]], 4, [29.38, 30.0]], [[[3, 0, 7, 10, 5, 2], [-1, -1, -1, 14, 18, 22]], 0, [29.38, 30.0]], [[[4, 0, 7, 10, 5, 2], [-1, -1, -1, 14, 18, 22]], 0, [29.26, 30.0]], [[[4, 0, 7, 10, 5, 2], [-1, -1, -1, 8, 18, 22]], 1, [29.26, 30.0]], [[[4, 1, 7, 10, 5, 2], [-1, -1, -1, 8, 18, 22]], 2, [29.18, 30.0]], [[[4, 1, 7, 10, 5, -1], [-1, -1, -1, 2, 18, 22]], 3, [29.18, 30.0]], [[[4, 1, 7, 15, 5, -1], [-1, -1, -1, 2, 18, 22]], 2, [29.13, 30.0]], [[[4, -1, 7, 15, 5, -1], [-1, -1, -1, 1, 18, 22]], 4, [29.12, 30.0]], [[[4, -1, 7, 15, 6, -1], [-1, -1, -1, 1, 18, 22]], 1, [29.09, 30.0]], [[[4, -1, 7, 15, 6, -1], [-1, -1, -1, 0, 18, 22]], 0, [29.09, 30.0]]]]",
    "[[[[0, 6, 10, 2, 5, 1], [24, 18, 14, 22, 19, 23]], [\"R12942049\", \"AI-easy\"], 0, 30.0], [[[[0, 6, 10, 2, 5, 1], [24, 18, 14, 22, 19, 23]], 0, [29.83, 30.0]], [[[0, 6, 10, 2, 5, 1], [18, -1, 14, 22, 19, 23]], 1, [29.75, 30.0]], [[[0, 7, 10, 2, 5, 1], [18, -1, 14, 22, 19, 23]], 4, [29.69, 30.0]], [[[0, 7, 10, 2, 5, 1], [-1, -1, 14, 22, 18, 23]], 5, [29.69, 30.0]], [[[0, 7, 10, 2, 5, 6], [-1, -1, 14, 22, 18, 23]], 2, [29.62, 30.0]], [[[0, 7, 10, 2, 5, 6], [-1, -1, 8, 22, 18, 23]], 5, [29.62, 30.0]], [[[0, 7, 10, 2, 5, 11], [-1, -1, 8, 22, 18, 23]], 0, [29.55, 30.0]], [[[0, 7, 10, -1, 5, 11], [-1, -1, 2, 22, 18, 23]], 0, [29.55, 30.0]], [[[6, 7, 10, -1, 5, 11], [-1, -1, 2, 22, 18, 23]], 0, [29.52, 30.0]], [[[6, 7, 10, -1, 5, 11], [-1, -1, 1, 22, 18, 23]], 2, [29.52, 30.0]], [[[6, 7, 11, -1, 5, -1], [-1, -1, 1, 22, 18, 23]], 1, [29.48, 30.0]], [[[6, 7, 11, -1, 5, -1], [-1, -1, 0, 22, 18, 23]], 0, [29.48, 30.0]]]]",
    "[[[[0, 10, 1, 2, 6, 5], [24, 14, 23, 22, 18, 19]], [\"R12942049\", \"AI-easy\"], 1, 30.0], [[[[0, 10, 1, 2, 6, 5], [24, 14, 23, 22, 18, 19]], 1, [30.0, 30.0]], [[[0, 15, 1, 2, 6, 5], [24, 14, 23, 22, 18, 19]], 0, [29.8, 30.0]], [[[0, 15, 1, 2, 6, 5], [19, 14, 23, 22, 18, -1]], 4, [29.8, 30.0]], [[[0, 15, 1, 2, 11, 5], [19, 14, 23, 22, 18, -1]], 2, [29.65, 30.0]], [[[0, 15, 1, 2, 11, 5], [19, 14, 18, 22, -1, -1]], 5, [29.64, 30.0]], [[[0, 15, 1, 2, 11, 6], [19, 14, 18, 22, -1, -1]], 5, [29.45, 30.0]], [[[0, 15, 1, 2, 11, 6], [19, 14, 18, 16, -1, -1]], 0, [29.44, 30.0]], [[[5, 15, 1, 2, 11, 6], [19, 14, 18, 16, -1, -1]], 0, [29.29, 30.0]], [[[5, 15, 1, 2, 11, 6], [18, 14, -1, 16, -1, -1]], 0, [29.29, 30.0]], [[[6, 15, 1, 2, 11, -1], [18, 14, -1, 16, -1, -1]], 0, [29.13, 30.0]], [[[6, 15, 1, 2, 11, -1], [12, 14, -1, 16, -1, -1]], 0, [29.13, 30.0]], [[[7, 15, 1, 2, 11, -1], [12, 14, -1, 16, -1, -1]], 0, [29.06, 30.0]], [[[7, 15, 1, 2, 11, -1], [6, 14, -1, 16, -1, -1]], 1, [29.06, 30.0]], [[[7, 16, 1, 2, 11, -1], [6, 14, -1, -1, -1, -1]], 0, [29.02, 30.0]], [[[7, 16, 1, 2, 11, -1], [0, 14, -1, -1, -1, -1]], 0, [29.02, 30.0]]]]",
    "[[[[0, 2, 6, 10, 1, 5], [24, 22, 18, 14, 23, 19]], [\"R12942049\", \"AI-easy\"], 0, 30.0], [[[[0, 2, 6, 10, 1, 5], [24, 22, 18, 14, 23, 19]], 0, [29.9, 30.0]]]]"
]